 00: 84 12 00 00 05 50 0e 7f 04 15 23 96 ef 00 20 89
 01: 00 00 00 00 01 84 0a 00 01 01 20 77 00 40 e6 96
 02: 30 00 74 02 01 06 02 79 12 00 00 00 00 00 00 00
 03: 00 00 00 00 00 00 00 00 00 00 00 00 00 00 00 00
 04: 00 00 00 00 00 00 00 00 00 00 00 00 00 00 00 00
 05: 00 00 00 00 00 00 00 00 00 00 00 00 00 00 00 00
 06: 00 00 00 00 00 00 00 00 00 00 00 00 00 00 00 00
 07: 00 00 00 00 00 00 00 00 00 00 00 00 13 eb 00 70
 08: 84 12 00 00 05 50 0e 7f 04 15 23 96 ef 00 20 89
 09: 00 00 00 00 01 84 0a 00 01 01 20 77 00 40 e6 96
 0a: 30 00 74 02 01 06 02 79 12 00 00 00 00 00 00 00
 0b: 00 00 00 00 00 00 00 00 00 00 00 00 00 00 00 00
 0c: 00 00 00 00 00 00 00 00 00 00 00 00 00 00 00 00
 0d: 00 00 00 00 00 00 00 00 00 00 00 00 00 00 00 00
 0e: 00 00 00 00 00 00 00 00 00 00 00 00 00 00 00 00
 0f: 00 00 00 00 00 00 00 00 00 00 00 00 13 eb 00 70
